98
735
379
197
16
14
647
696
471
891
709
1000
465
126
972
367
987
778
167
931
181
623
825
2
73
528
904
474
625
426
999
997
617
593
415
180
814
599
315
307
280
755
445
652
954
508
700
760
101
463
542
365
566
136
443
930
341
54
827
874
160
97
548
178
523
229
953
159
797
43
383
925
531
662
878
753
739
466
449
282
206
397
721
626
205
398
959
25
557
723
737
94
45
577
532
835
44
668
924
6
535
58
823
768
35
124
275
172
119
179
176
628
93
922
22
974
241
935
849
937
686
624
862
316
50
170
670
169
388
871
417
351
868
708
193
622
772
407
392
370
90
11
493
183
204
358
236
697
88
592
756
908
92
837
635
991
354
897
650
99
860
82
477
296
320
128
602
995
132
817
839
497
977
284
227
8
713
933
970
998
9
725
669
450
458
107
549
108
460
567
544
464
833
279
824
816
920
844
111
78
829
290
996
96
289
60
836
693
658
803
654
243
575
492
452
32
40
879
985
690
454
395
976
767
805
680
618
514
213
295
273
692
941
888
355
342
347
42
873
226
510
291
905
720
239
955
484
161
380
962
259
399
783
812
551
784
915
565
842
429
746
368
57
173
754
769
659
940
875
702
186
574
884
428
276
526
609
495
541
240
752
404
899
230
950
220
616
982
866
822
895
105
943
703
533
137
257
929
716
989
18
843
612
113
571
857
272
655
232
120
309
863
727
252
37
657
154
539
547
91
249
672
67
271
340
95
774
400
372
376
749
512
293
278
424
928
921
444
984
251
313
490
145
513
396
149
828
673
314
614
70
125
764
235
158
898
208
61
430
717
459
830
299
666
138
732
766
412
603
286
704
580
945
608
630
224
964
77
597
184
385
936
661
371
326
942
377
23
851
473
604
638
773
343
143
914
419
53
494
248
455
319
401
744
880
870
745
83
207
546
237
162
151
129
403
748
800
750
337
918
619
350
762
269
569
728
779
329
118
649
864
7
405
15
134
633
114
481
986
644
331
785
31
676
103
174
688
683
242
308
110
219
66
312
733
591
255
988
994
515
804
375
139
678
585
504
283
916
637
168
611
594
958
317
456
218
277
47
192
799
960
903
506
480
467
792
215
620
802
318
578
560
348
203
736
238
491
408
946
79
311
902
373
742
590
150
46
845
967
530
731
509
957
521
264
872
228
21
572
671
586
584
841
648
795
665
776
152
859
674
543
267
261
402
883
163
876
583
434
554
684
202
451
634
292
563
861
734
573
147
545
738
993
682
346
781
72
853
796
917
698
81
13
115
555
425
427
335
185
500
642
730
28
694
472
303
818
63
127
212
74
587
453
787
826
191
214
747
794
357
448
667
869
253
621
483
706
979
362
579
889
488
423
606
51
29
470
439
846
76
956
68
266
534
722
556
538
765
165
981
442
992
363
934
171
653
457
447
882
923
164
310
386
196
707
971
189
435
877
596
389
919
250
333
195
369
378
615
564
503
122
938
632
141
482
84
298
850
687
270
353
287
200
247
790
188
975
892
478
757
516
254
607
966
801
885
990
294
758
69
854
770
627
559
332
691
710
409
561
788
807
517
265
85
210
631
475
496
323
983
978
939
712
809
552
30
148
969
393
944
182
5
581
900
568
881
418
438
893
432
469
641
743
324
75
321
973
390
175
907
576
815
10
263
285
216
589
761
27
201
187
468
782
49
391
811
100
664
858
913
639
382
505
562
886
123
387
24
763
660
910
519
209
699
222
130
894
121
34
190
268
677
601
740
685
479
89
262
56
338
41
793
288
718
233
225
420
374
932
501
245
345
3
952
679
791
223
629
522
486
771
643
112
281
194
352
19
808
109
912
896
553
525
820
856
502
157
300
867
831
177
256
906
356
947
334
441
144
798
701
260
759
840
131
86
140
961
927
199
524
217
714
155
146
305
394
711
304
527
410
322
135
413
775
36
518
48
422
59
651
104
62
570
838
339
689
705
71
729
640
600
498
550
55
244
437
336
274
349
258
1
832
887
485
726
476
433
968
39
806
328
20
656
536
948
106
810
301
511
366
411
588
446
12
681
605
821
911
848
87
234
741
695
965
529
327
26
325
926
663
153
951
166
834
306
540
610
890
636
852
819
381
231
344
780
440
865
507
421
416
595
537
813
64
297
786
598
777
246
142
613
558
963
52
156
487
855
719
221
847
117
909
102
80
211
384
489
359
17
751
4
65
436
645
364
461
116
431
198
406
675
949
414
499
901
330
715
133
980
789
724
33
520
360
582
646
462
302
38
361
