179
852
544
284
950
367
931
40
176
485
130
106
461
121
310
589
324
388
268
878
107
922
278
558
61
616
833
124
737
975
707
355
343
156
82
796
246
376
820
949
503
560
101
868
51
605
928
151
402
759
331
221
381
711
256
545
422
109
325
22
840
690
507
358
318
189
720
153
300
201
572
47
702
582
378
728
676
32
64
341
801
914
33
948
970
761
409
254
406
791
771
659
321
867
49
637
490
249
286
938
535
216
104
692
142
537
920
813
118
356
105
67
626
11
565
554
912
359
769
865
927
110
468
749
603
974
986
819
3
181
111
466
99
855
620
34
291
415
522
229
219
668
953
136
353
183
900
774
233
431
590
800
947
799
739
661
576
430
295
583
41
92
672
918
679
714
79
971
615
926
967
633
447
994
306
781
585
750
190
710
691
670
836
516
624
442
608
532
559
735
247
792
269
445
365
88
174
841
896
636
864
297
538
155
784
568
414
437
830
412
680
594
351
20
586
693
210
227
5
332
379
395
78
127
423
597
567
556
842
548
941
611
352
424
696
140
392
400
641
26
166
528
701
982
992
613
380
397
384
993
170
518
13
293
419
396
804
644
857
991
755
464
209
37
81
159
267
426
383
648
916
371
416
478
438
329
147
862
65
738
988
440
983
646
655
877
856
103
134
708
785
860
614
314
844
787
477
671
718
425
257
618
812
998
413
807
593
509
171
997
723
199
958
858
453
910
939
732
374
952
128
658
822
705
139
167
981
108
818
815
609
731
573
231
87
666
934
552
875
780
258
84
330
574
309
936
283
652
542
610
653
12
334
505
208
313
482
333
907
498
866
715
263
578
754
476
873
698
757
69
489
645
557
387
195
417
141
211
853
361
203
71
480
817
433
315
824
766
63
405
427
48
289
399
307
335
595
119
790
686
481
323
185
272
188
126
1
60
299
512
984
436
869
839
180
569
846
281
849
448
872
260
154
90
169
362
369
502
673
885
940
753
472
913
831
808
968
519
21
197
222
364
892
133
581
617
446
904
587
726
758
902
563
802
234
924
474
767
937
224
213
925
372
987
660
634
623
116
479
730
946
870
821
117
976
394
411
764
194
458
470
803
734
320
601
871
810
549
91
592
160
536
279
165
18
457
954
788
747
230
972
360
748
226
740
162
639
523
241
205
475
59
132
778
259
874
89
338
773
77
6
906
172
566
473
903
963
955
895
850
53
19
504
163
526
649
712
727
432
382
62
901
393
741
38
555
484
604
861
654
640
290
805
514
319
687
891
42
638
96
588
570
9
186
207
973
793
837
598
491
350
85
439
261
550
123
347
294
44
591
683
421
935
237
980
145
684
225
685
129
887
215
223
348
354
599
733
834
15
965
285
969
930
1000
530
527
218
217
663
52
336
131
704
349
429
742
271
495
57
86
964
662
571
725
629
266
879
977
501
148
255
713
979
525
74
113
533
621
827
917
251
420
150
58
340
695
120
122
510
823
743
956
697
709
717
881
650
694
898
239
602
75
513
919
499
932
428
579
418
202
146
651
854
632
177
962
7
880
200
444
386
451
826
966
656
46
667
529
214
541
789
94
607
100
647
772
752
961
389
50
744
630
643
463
497
17
401
178
27
664
863
187
960
806
144
909
339
45
751
677
97
596
28
832
681
628
29
70
706
884
125
220
496
16
716
25
390
455
923
996
515
277
228
945
500
10
703
375
161
989
403
173
859
606
897
242
783
328
250
298
443
35
115
95
577
893
385
483
23
287
765
235
164
114
368
957
253
627
851
777
273
326
944
31
404
933
756
828
292
370
317
494
779
553
138
995
149
722
198
580
373
724
517
845
158
398
622
511
770
908
192
782
244
688
93
452
729
238
798
619
391
999
204
492
304
2
816
68
921
363
24
83
929
584
265
547
524
245
112
682
135
302
487
768
814
252
206
36
327
308
911
288
797
4
157
435
275
543
546
794
76
276
894
746
98
80
450
521
562
951
274
642
848
700
248
762
665
14
905
152
456
168
674
296
462
876
270
675
531
196
561
825
232
305
316
736
943
262
829
312
534
243
408
280
345
465
883
56
678
719
508
886
635
449
811
73
942
600
322
540
459
493
775
240
838
959
460
301
978
39
282
786
539
175
454
410
575
193
551
889
471
342
669
264
843
434
346
357
43
721
625
102
882
835
467
631
985
776
191
137
888
407
847
486
990
212
30
890
66
745
337
143
182
72
488
612
366
520
763
699
184
760
54
377
8
689
899
506
441
795
344
236
564
657
469
55
915
809
303
311
